1	1447827950846	111.006665	36.131505	70	0.0
2	1447827950846	111.004952	36.13554	70	0.0
3	1447827950846	110.999941	36.136863	70	0.0
4	1447827950846	110.994965	36.135473	70	0.0
5	1447827950846	110.993316	36.13141	70	0.0
6	1447827950846	111.001944	36.129654	0	0.0
7	1447827950846	110.998055	36.129654	0	0.0
1	1447827951846	111.00666	36.131517	70	5.1900804
2	1447827951846	111.004934	36.135545	70	6.0255324
3	1447827951846	110.999914	36.136856	70	9.1471572
4	1447827951846	110.994958	36.135456	70	7.0600356
5	1447827951846	110.993316	36.131394	70	6.5990124
1	1447827952846	111.006646	36.131551	70	14.3459748
2	1447827952846	111.004899	36.135555	70	11.9070864
3	1447827952846	110.999863	36.136842	70	17.3488536
4	1447827952846	110.994945	36.135423	70	13.8681468
5	1447827952846	110.993316	36.131363	70	12.4718508
1	1447827953846	111.006623	36.131607	70	23.6777328
2	1447827953846	111.004846	36.135569	70	18.1174284
3	1447827953846	110.999791	36.136823	70	24.5272032
4	1447827953846	110.994924	36.135373	70	21.1122648
5	1447827953846	110.993316	36.131315	70	19.181682
1	1447827954846	111.006592	36.131683	70	31.7998008
2	1447827954846	111.004766	36.13559	70	27.195426
3	1447827954846	110.999704	36.136799	70	29.7894708
4	1447827954846	110.994896	36.135304	70	28.965474
5	1447827954846	110.993316	36.131251	70	25.3424016
1	1447827955846	111.006557	36.131768	70	35.7837948
2	1447827955846	111.004668	36.135617	70	33.5993184
3	1447827955846	110.999603	36.136772	70	34.5629412
4	1447827955846	110.994864	36.135226	70	33.035328
5	1447827955846	110.993316	36.131175	70	30.3077016
1	1447827956846	111.006526	36.131844	70	32.14224
2	1447827956846	111.004575	36.135642	70	31.8459132
3	1447827956846	110.999503	36.136745	70	34.1440164
4	1447827956846	110.994831	36.135146	70	33.4526148
5	1447827956846	110.993316	36.131088	70	34.8921612
1	1447827957846	111.006491	36.131929	70	35.8482852
2	1447827957846	111.004474	36.13567	70	34.5877524
3	1447827957846	110.999408	36.136719	70	32.4221292
4	1447827957846	110.994797	36.135063	70	35.2553796
5	1447827957846	110.993316	36.131009	70	31.5231588
1	1447827958846	111.006456	36.132015	70	35.860428
2	1447827958846	111.004377	36.135696	70	32.7938688
3	1447827958846	110.999307	36.136692	70	34.44948
4	1447827958846	110.994762	36.134979	70	35.3945232
5	1447827958846	110.993316	36.13092	70	35.4132108
1	1447827959846	111.006422	36.132096	70	34.0749036
2	1447827959846	111.004285	36.135721	70	31.4859384
3	1447827959846	110.999205	36.136664	70	34.7641416
4	1447827959846	110.994728	36.134896	70	34.9557444
5	1447827959846	110.993316	36.130832	70	35.2139868
1	1447827960846	111.00639	36.132175	70	33.3248724
2	1447827960846	111.004183	36.135748	70	34.8702984
3	1447827960846	110.999111	36.136639	70	32.201244
4	1447827960846	110.994693	36.134811	70	35.5833756
5	1447827960846	110.993316	36.13075	70	32.8731696
1	1447827961846	111.006358	36.132252	70	32.6511792
2	1447827961846	111.004086	36.135775	70	33.209658
3	1447827961846	110.999015	36.136613	70	32.7632724
4	1447827961846	110.994662	36.134736	70	31.6239516
5	1447827961846	110.993316	36.130671	70	31.5074772
1	1447827962846	111.006324	36.132334	70	34.5595608
2	1447827962846	111.003987	36.135801	70	33.6947652
3	1447827962846	110.998917	36.136587	70	33.2852796
4	1447827962846	110.994628	36.134652	70	35.2118916
5	1447827962846	110.993316	36.130592	70	31.5310428
1	1447827963846	111.00629	36.132418	70	35.141886
2	1447827963846	111.003891	36.135827	70	32.9971284
3	1447827963846	110.998814	36.136559	70	35.2894248
4	1447827963846	110.994593	36.134567	70	35.8697196
5	1447827963846	110.993316	36.130505	70	34.6950216
1	1447827964846	111.006257	36.132497	70	33.44112
2	1447827964846	111.003798	36.135852	70	31.6564596
3	1447827964846	110.998709	36.13653	70	35.6865624
4	1447827964846	110.994559	36.134483	70	35.1623844
5	1447827964846	110.993316	36.130426	70	31.35618
1	1447827965846	111.006224	36.132579	70	34.5311316
2	1447827965846	111.003697	36.13588	70	34.4134152
3	1447827965846	110.998605	36.136502	70	35.5974372
4	1447827965846	110.994526	36.134404	70	33.3457524
5	1447827965846	110.993316	36.130339	70	35.0304444
1	1447827966846	111.006189	36.132663	70	35.1544968
2	1447827966846	111.003592	36.135908	70	35.7807708
3	1447827966846	110.998501	36.136474	70	35.6256036
4	1447827966846	110.994494	36.134327	70	32.6216196
5	1447827966846	110.993316	36.130253	70	34.35336
1	1447827967846	111.006155	36.132745	70	34.6426236
2	1447827967846	111.00349	36.135936	70	35.0061228
3	1447827967846	110.998405	36.136448	70	32.8237884
4	1447827967846	110.994461	36.134246	70	34.0193304
5	1447827967846	110.993316	36.13017	70	33.12126
1	1447827968846	111.006122	36.132826	70	34.17597
2	1447827968846	111.003391	36.135962	70	33.5999952
3	1447827968846	110.99831	36.136423	70	32.1365088
4	1447827968846	110.994429	36.134167	70	33.2621244
5	1447827968846	110.993316	36.130084	70	34.0476192
1	1447827969846	111.006089	36.132908	70	34.2909792
2	1447827969846	111.003299	36.135987	70	31.428468
3	1447827969846	110.998205	36.136394	70	35.8884036
4	1447827969846	110.994395	36.134085	70	34.583184
5	1447827969846	110.993316	36.129996	70	35.5099176
1	1447827970846	111.006057	36.132984	70	31.90248
2	1447827970846	111.003202	36.136013	70	33.0739272
3	1447827970846	110.998113	36.136369	70	31.6714428
4	1447827970846	110.994362	36.134005	70	33.6942576
5	1447827970846	110.993316	36.12991	70	34.0105176
1	1447827971846	111.006026	36.133061	70	32.6736972
2	1447827971846	111.003103	36.13604	70	33.866964
3	1447827971846	110.998019	36.136344	70	31.910472
4	1447827971846	110.99433	36.133925	70	33.3153036
5	1447827971846	110.993316	36.129832	70	31.4534448
1	1447827972846	111.005992	36.133144	70	34.6132224
2	1447827972846	111.003003	36.136067	70	34.0761456
3	1447827972846	110.997918	36.136316	70	34.3953576
4	1447827972846	110.994298	36.133848	70	32.7264228
5	1447827972846	110.993316	36.129743	70	35.5248576
1	1447827973846	111.005959	36.133224	70	33.8175972
2	1447827973846	111.002907	36.136093	70	32.9026932
3	1447827973846	110.997824	36.136291	70	32.3449164
4	1447827973846	110.994264	36.133765	70	34.6839516
5	1447827973846	110.993316	36.129661	70	32.6668248
1	1447827974846	111.005924	36.133308	70	35.4182868
2	1447827974846	111.002811	36.136119	70	32.6618676
3	1447827974846	110.99772	36.136263	70	35.3393892
4	1447827974846	110.994233	36.13369	70	31.8722508
5	1447827974846	110.993316	36.129575	70	34.260858
1	1447827975846	111.005891	36.133388	70	33.7534956
2	1447827975846	111.002706	36.136148	70	35.8006572
3	1447827975846	110.99762	36.136236	70	34.1717004
4	1447827975846	110.994201	36.133612	70	32.8394484
5	1447827975846	110.993316	36.129496	70	31.4219592
1	1447827976846	111.00586	36.133464	70	32.0431176
2	1447827976846	111.002603	36.136175	70	35.2813284
3	1447827976846	110.997527	36.136211	70	31.767282
4	1447827976846	110.994167	36.13353	70	34.3874772
5	1447827976846	110.993316	36.129414	70	32.8957452
1	1447827977846	111.005827	36.133545	70	33.9835824
2	1447827977846	111.002506	36.136202	70	33.243048
3	1447827977846	110.997425	36.136183	70	34.7023116
4	1447827977846	110.994134	36.133449	70	34.2241488
5	1447827977846	110.993316	36.129332	70	32.8136292
1	1447827978846	111.005794	36.133624	70	33.2262252
2	1447827978846	111.002408	36.136228	70	33.3167796
3	1447827978846	110.997321	36.136155	70	35.5185396
4	1447827978846	110.994102	36.133373	70	31.9912956
5	1447827978846	110.993316	36.129249	70	32.999544
1	1447827979846	111.005763	36.1337	70	32.157252
2	1447827979846	111.002316	36.136253	70	31.5784116
3	1447827979846	110.997223	36.136129	70	33.429564
4	1447827979846	110.994067	36.133287	70	35.9315532
5	1447827979846	110.993316	36.12917	70	31.4091252
1	1447827980846	111.005732	36.133776	70	31.8478644
2	1447827980846	111.002217	36.13628	70	33.7410072
3	1447827980846	110.99713	36.136103	70	31.7722572
4	1447827980846	110.994033	36.133204	70	35.216082
5	1447827980846	110.993316	36.129084	70	34.3815048
1	1447827981846	111.0057	36.133853	70	32.2655652
2	1447827981846	111.002118	36.136307	70	33.7990608
3	1447827981846	110.99703	36.136076	70	34.4141532
4	1447827981846	110.993998	36.133118	70	35.9959968
5	1447827981846	110.993316	36.129002	70	32.9176224
1	1447827982846	111.005669	36.133928	70	31.7008188
2	1447827982846	111.002013	36.136335	70	35.9454024
3	1447827982846	110.996931	36.136049	70	33.7236012
4	1447827982846	110.993967	36.133043	70	31.7451816
5	1447827982846	110.993316	36.128917	70	34.0724988
1	1447827983846	111.005635	36.134012	70	35.464878
2	1447827983846	111.001919	36.136361	70	32.0159376
3	1447827983846	110.996837	36.136024	70	32.1654456
4	1447827983846	110.993933	36.132961	70	34.1585604
5	1447827983846	110.993316	36.128838	70	31.3352208
1	1447827984846	111.005602	36.134092	70	33.7187628
2	1447827984846	111.001826	36.136386	70	31.6187136
3	1447827984846	110.996742	36.135998	70	32.3307144
4	1447827984846	110.9939	36.132881	70	33.8336892
5	1447827984846	110.993316	36.128758	70	32.05161
1	1447827985846	111.005568	36.134174	70	34.4423628
2	1447827985846	111.001724	36.136413	70	35.0288712
3	1447827985846	110.996639	36.13597	70	35.2823436
4	1447827985846	110.993867	36.1328	70	33.9102396
5	1447827985846	110.993316	36.128671	70	34.4863656
1	1447827986846	111.005536	36.134252	70	32.615694
2	1447827986846	111.001624	36.13644	70	33.9192756
3	1447827986846	110.996538	36.135943	70	34.2847368
4	1447827986846	110.993836	36.132724	70	32.247828
5	1447827986846	110.993316	36.128583	70	35.26236
1	1447827987846	111.005504	36.134331	70	33.2876412
2	1447827987846	111.001521	36.136468	70	35.3939544
3	1447827987846	110.996444	36.135918	70	32.3050392
4	1447827987846	110.993801	36.13264	70	35.4633696
5	1447827987846	110.993316	36.128494	70	35.5427496
1	1447827988846	111.00547	36.134414	70	34.9424244
2	1447827988846	111.001418	36.136496	70	34.9341444
3	1447827988846	110.996341	36.13589	70	35.0858052
4	1447827988846	110.99377	36.132564	70	31.6964772
5	1447827988846	110.993316	36.128408	70	34.4984832
1	1447827989846	111.005436	36.134497	70	34.8276456
2	1447827989846	111.001325	36.136521	70	32.0184036
3	1447827989846	110.996242	36.135863	70	33.81993
4	1447827989846	110.993736	36.132481	70	35.108352
5	1447827989846	110.993316	36.12832	70	34.8842016
1	1447827990846	111.005405	36.134572	70	31.5974988
2	1447827990846	111.001222	36.136549	70	34.9674876
3	1447827990846	110.996149	36.135838	70	31.7036808
4	1447827990846	110.993703	36.132402	70	33.3389916
5	1447827990846	110.993316	36.12824	70	32.2887204
1	1447827991846	111.005372	36.134653	70	34.1124588
2	1447827991846	111.001118	36.136577	70	35.6041476
3	1447827991846	110.996051	36.135812	70	33.3343584
4	1447827991846	110.993668	36.132317	70	35.837928
5	1447827991846	110.993316	36.128158	70	32.4920196
1	1447827992846	111.00534	36.13473	70	32.5317636
2	1447827992846	111.001022	36.136603	70	32.8826268
3	1447827992846	110.995947	36.135784	70	35.4410712
4	1447827992846	110.993635	36.132236	70	33.8672952
5	1447827992846	110.993316	36.128068	70	35.9656776
1	1447827993846	111.005307	36.134809	70	33.2460108
2	1447827993846	111.000917	36.136631	70	35.601894
3	1447827993846	110.995848	36.135757	70	33.986304
4	1447827993846	110.993604	36.132159	70	32.2894908
5	1447827993846	110.993316	36.127987	70	32.5413288
1	1447827994846	111.005275	36.134888	70	33.1707456
2	1447827994846	111.000814	36.136659	70	35.1080244
3	1447827994846	110.995756	36.135732	70	31.402872
4	1447827994846	110.993571	36.132078	70	34.1540244
5	1447827994846	110.993316	36.127898	70	35.4867552
1	1447827995846	111.005242	36.134968	70	33.5274444
2	1447827995846	111.000709	36.136688	70	35.9454672
3	1447827995846	110.995658	36.135705	70	33.2894484
4	1447827995846	110.993536	36.131995	70	34.92198
5	1447827995846	110.99333	36.127816	70	33.4461384
1	1447827996846	111.005212	36.135043	70	31.5911088
2	1447827996846	111.000616	36.136713	70	31.7652696
3	1447827996846	110.995556	36.135678	70	34.9613964
4	1447827996846	110.993506	36.13192	70	31.7148516
5	1447827996846	110.993364	36.127733	70	34.9189668
1	1447827997846	111.005177	36.135126	70	35.120196
2	1447827997846	111.000515	36.13674	70	34.377336
3	1447827997846	110.995454	36.13565	70	34.7631156
4	1447827997846	110.993472	36.131839	70	33.9082416
5	1447827997846	110.993398	36.127651	70	34.5849696
1	1447827998846	111.005146	36.135203	70	32.438466
2	1447827998846	111.000421	36.136765	70	32.1239196
3	1447827998846	110.995353	36.135623	70	34.5497724
4	1447827998846	110.993442	36.131764	70	31.6125504
5	1447827998846	110.993432	36.127569	70	34.2893052
1	1447827999846	111.005111	36.135288	70	35.937774
2	1447827999846	111.000319	36.136793	70	35.0092152
3	1447827999846	110.995255	36.135596	70	33.3066276
4	1447827999846	110.993407	36.131679	70	35.7708132
5	1447827999846	110.993467	36.127484	70	35.8524108
1	1447828000846	111.005076	36.135374	70	35.852562
2	1447828000846	111.000226	36.136818	70	31.7024496
3	1447828000846	110.995153	36.135569	70	35.0548812
4	1447828000846	110.993373	36.131597	70	34.3951452
5	1447828000846	110.9935	36.127402	70	34.6673808
1	1447828001846	111.005041	36.135459	70	35.8149096
2	1447828001846	111.000131	36.136844	70	32.279418
3	1447828001846	110.995055	36.135542	70	33.4509876
4	1447828001846	110.993341	36.131518	70	33.2689032
5	1447828001846	110.993533	36.127322	70	33.627564
1	1447828002846	111.004994	36.135529	70	33.7711356
2	1447828002846	111.000036	36.13687	70	32.7043872
3	1447828002846	110.994977	36.135502	70	32.2724196
4	1447828002846	110.993316	36.131437	70	33.7582728
5	1447828002846	110.993567	36.12724	70	34.1984628
1	1447828003846	111.004901	36.135554	70	31.8451824
2	1447828003846	110.999934	36.136862	70	34.4023452
3	1447828003846	110.994943	36.135418	70	35.2812456
4	1447828003846	110.993316	36.131349	70	34.9892316
5	1447828003846	110.9936	36.127158	70	34.626618
1	1447828004846	111.004799	36.135582	70	34.5067236
2	1447828004846	110.999841	36.136836	70	31.817934
3	1447828004846	110.994909	36.135335	70	34.8697728
4	1447828004846	110.993316	36.131271	70	31.345362
5	1447828004846	110.993633	36.12708	70	32.9435712
1	1447828005846	111.004703	36.135608	70	32.932278
2	1447828005846	110.999736	36.136808	70	35.9480772
3	1447828005846	110.994878	36.13526	70	31.7092824
4	1447828005846	110.993316	36.131189	70	32.539878
5	1447828005846	110.993667	36.126995	70	35.772948
1	1447828006846	111.004602	36.135635	70	34.3290744
2	1447828006846	110.999641	36.136782	70	32.2646256
3	1447828006846	110.994846	36.135183	70	32.3760816
4	1447828006846	110.993316	36.131108	70	32.535774
5	1447828006846	110.993698	36.12692	70	31.6993176
1	1447828007846	111.004497	36.135663	70	35.8754148
2	1447828007846	110.999538	36.136755	70	35.1402444
3	1447828007846	110.994813	36.135102	70	33.8075208
4	1447828007846	110.993316	36.131022	70	34.1434404
5	1447828007846	110.993731	36.12684	70	33.3021312
1	1447828008846	111.004399	36.13569	70	33.5221416
2	1447828008846	110.999436	36.136727	70	34.8740316
3	1447828008846	110.994781	36.135024	70	32.9581548
4	1447828008846	110.993316	36.130943	70	31.6671588
5	1447828008846	110.993762	36.126764	70	32.0537376
1	1447828009846	111.004306	36.135715	70	31.8054852
2	1447828009846	110.999343	36.136702	70	31.782996
3	1447828009846	110.994748	36.134943	70	34.0961328
4	1447828009846	110.993316	36.130856	70	34.5816432
5	1447828009846	110.993795	36.126684	70	33.6305232
1	1447828010846	111.004214	36.13574	70	31.5346968
2	1447828010846	110.999251	36.136677	70	31.4395632
3	1447828010846	110.994715	36.134864	70	33.3305028
4	1447828010846	110.993316	36.13077	70	34.4671452
5	1447828010846	110.993827	36.126607	70	32.755446
1	1447828011846	111.004121	36.135765	70	31.7527992
2	1447828011846	110.999151	36.13665	70	33.9981516
3	1447828011846	110.994683	36.134785	70	33.1719732
4	1447828011846	110.993316	36.13068	70	35.9232084
5	1447828011846	110.993859	36.12653	70	32.3028576
1	1447828012846	111.004028	36.13579	70	31.5181764
2	1447828012846	110.999058	36.136625	70	32.0109444
3	1447828012846	110.994649	36.134703	70	34.495182
4	1447828012846	110.993316	36.130591	70	35.6330412
5	1447828012846	110.99389	36.126454	70	31.831524
1	1447828013846	111.003928	36.135817	70	34.3670652
2	1447828013846	110.998954	36.136597	70	35.326422
3	1447828013846	110.994618	36.134629	70	31.3723872
4	1447828013846	110.993316	36.130511	70	31.9971456
5	1447828013846	110.993925	36.126369	70	35.9633412
1	1447828014846	111.003823	36.135846	70	35.7339852
2	1447828014846	110.998856	36.13657	70	33.4710792
3	1447828014846	110.994584	36.134546	70	34.8327072
4	1447828014846	110.993316	36.130421	70	35.798274
5	1447828014846	110.99396	36.126284	70	35.7047244
1	1447828015846	111.003727	36.135872	70	32.8048884
2	1447828015846	110.998761	36.136544	70	32.4358632
3	1447828015846	110.994553	36.13447	70	31.823748
4	1447828015846	110.993316	36.130334	70	34.9683588
5	1447828015846	110.993992	36.126206	70	32.7023316
1	1447828016846	111.003634	36.135897	70	31.7893392
2	1447828016846	110.998661	36.136517	70	34.2186012
3	1447828016846	110.994519	36.134388	70	34.7770116
4	1447828016846	110.993316	36.130251	70	32.8222296
5	1447828016846	110.994024	36.126127	70	33.2105796
1	1447828017846	111.00354	36.135922	70	32.1820092
2	1447828017846	110.998557	36.136489	70	35.4735576
3	1447828017846	110.994486	36.134305	70	34.7164272
4	1447828017846	110.993316	36.130167	70	33.6011724
5	1447828017846	110.994058	36.126043	70	35.3005272
1	1447828018846	111.003435	36.13595	70	35.6080248
2	1447828018846	110.998457	36.136462	70	34.0210764
3	1447828018846	110.994451	36.134222	70	35.0512272
4	1447828018846	110.993316	36.130087	70	32.0826348
5	1447828018846	110.994093	36.125959	70	35.6154084
1	1447828019846	111.003342	36.135976	70	31.784832
2	1447828019846	110.998359	36.136436	70	33.5170512
3	1447828019846	110.994416	36.134137	70	35.7179616
4	1447828019846	110.993316	36.130007	70	31.8749436
5	1447828019846	110.994124	36.125884	70	31.4389512
1	1447828020846	111.003238	36.136004	70	35.440434
2	1447828020846	110.998257	36.136408	70	34.7442876
3	1447828020846	110.994383	36.134056	70	34.3204164
4	1447828020846	110.993316	36.129927	70	32.0022612
5	1447828020846	110.994157	36.125804	70	33.563934
1	1447828021846	111.003139	36.136031	70	33.9887196
2	1447828021846	110.998165	36.136383	70	31.4565588
3	1447828021846	110.994349	36.133973	70	34.9342344
4	1447828021846	110.993316	36.129848	70	31.6226016
5	1447828021846	110.994191	36.125722	70	34.8903828
1	1447828022846	111.003042	36.136057	70	33.1762788
2	1447828022846	110.998067	36.136357	70	33.578946
3	1447828022846	110.994318	36.133898	70	31.3652988
4	1447828022846	110.993316	36.129765	70	33.0258924
5	1447828022846	110.994222	36.125646	70	31.9934268
1	1447828023846	111.002945	36.136083	70	33.1170084
2	1447828023846	110.997972	36.136331	70	32.571504
3	1447828023846	110.994286	36.133818	70	33.471558
4	1447828023846	110.993316	36.129685	70	31.9226148
5	1447828023846	110.994257	36.12556	70	35.97588
1	1447828024846	111.002844	36.13611	70	34.4597796
2	1447828024846	110.997866	36.136302	70	35.9330112
3	1447828024846	110.994251	36.133735	70	35.3148408
4	1447828024846	110.993316	36.129602	70	33.331518
5	1447828024846	110.994288	36.125484	70	32.04468
1	1447828025846	111.00274	36.136138	70	35.4417084
2	1447828025846	110.997763	36.136274	70	35.34606
3	1447828025846	110.99422	36.133658	70	32.1999444
4	1447828025846	110.993316	36.129512	70	35.8132716
5	1447828025846	110.99432	36.125407	70	32.436972
1	1447828026846	111.002635	36.136167	70	35.7545232
2	1447828026846	110.997667	36.136248	70	32.84586
3	1447828026846	110.994189	36.133583	70	31.5510696
4	1447828026846	110.993316	36.129429	70	32.9849496
5	1447828026846	110.994351	36.125332	70	31.4546724
1	1447828027846	111.00254	36.136193	70	32.4866484
2	1447828027846	110.997572	36.136223	70	32.195484
3	1447828027846	110.994155	36.1335	70	35.0206524
4	1447828027846	110.993316	36.129348	70	32.3116416
5	1447828027846	110.994384	36.125252	70	33.5259252
1	1447828028846	111.00244	36.136219	70	34.0146684
2	1447828028846	110.997474	36.136196	70	33.4527264
3	1447828028846	110.994122	36.13342	70	33.5710584
4	1447828028846	110.993316	36.129264	70	33.5514456
5	1447828028846	110.994417	36.125172	70	33.9997896
1	1447828029846	111.002337	36.136247	70	35.2973952
2	1447828029846	110.99737	36.136168	70	35.6138964
3	1447828029846	110.994089	36.133341	70	33.400278
4	1447828029846	110.993316	36.129186	70	31.357242
5	1447828029846	110.99445	36.125091	70	34.0092036
1	1447828030846	111.002235	36.136275	70	34.787448
2	1447828030846	110.997266	36.13614	70	35.4004524
3	1447828030846	110.994058	36.133266	70	31.6599588
4	1447828030846	110.993316	36.129107	70	31.6258704
5	1447828030846	110.994485	36.125007	70	35.4397716
1	1447828031846	111.002138	36.136301	70	33.132294
2	1447828031846	110.997172	36.136115	70	32.2059492
3	1447828031846	110.994024	36.133181	70	35.6890932
4	1447828031846	110.993316	36.12902	70	34.6181976
5	1447828031846	110.994519	36.124923	70	35.184888
1	1447828032846	111.002034	36.136329	70	35.4893796
2	1447828032846	110.99707	36.136087	70	34.846794
3	1447828032846	110.99399	36.133098	70	34.6693284
4	1447828032846	110.993316	36.128932	70	35.1092772
5	1447828032846	110.99455	36.124847	70	31.9695228
1	1447828033846	111.001942	36.136354	70	31.5278028
2	1447828033846	110.996974	36.136061	70	32.6555748
3	1447828033846	110.993959	36.133023	70	31.63176
4	1447828033846	110.993316	36.128846	70	34.1805528
5	1447828033846	110.994581	36.124771	70	31.9421916
1	1447828034846	111.001841	36.136382	70	34.4381508
2	1447828034846	110.996875	36.136034	70	34.0383852
3	1447828034846	110.993928	36.132947	70	31.9152672
4	1447828034846	110.993316	36.128764	70	32.8740984
5	1447828034846	110.994612	36.124696	70	31.6740384
1	1447828035846	111.001748	36.136407	70	31.6841004
2	1447828035846	110.996772	36.136006	70	35.0903664
3	1447828035846	110.993897	36.132873	70	31.486284
4	1447828035846	110.993316	36.128675	70	35.615088
5	1447828035846	110.994645	36.124617	70	33.3704232
1	1447828036846	111.001647	36.136434	70	34.6410144
2	1447828036846	110.99667	36.135979	70	34.9096896
3	1447828036846	110.993864	36.132792	70	34.020144
4	1447828036846	110.993316	36.128596	70	31.3929288
5	1447828036846	110.994676	36.12454	70	32.3484444
1	1447828037846	111.001544	36.136462	70	35.2408536
2	1447828037846	110.996571	36.135952	70	33.717222
3	1447828037846	110.993831	36.132713	70	33.2475156
4	1447828037846	110.993316	36.12851	70	34.5565512
5	1447828037846	110.99471	36.124459	70	33.9215004
1	1447828038846	111.001441	36.13649	70	34.9159248
2	1447828038846	110.996471	36.135925	70	34.133832
3	1447828038846	110.993799	36.132634	70	33.220134
4	1447828038846	110.993316	36.128426	70	33.5599272
5	1447828038846	110.994741	36.124383	70	32.2188552
1	1447828039846	111.001348	36.136515	70	31.9520196
2	1447828039846	110.996372	36.135898	70	33.6166236
3	1447828039846	110.993765	36.132552	70	34.4142936
4	1447828039846	110.993316	36.128344	70	32.567652
5	1447828039846	110.994772	36.124307	70	31.9347036
1	1447828040846	111.001245	36.136543	70	35.0708328
2	1447828040846	110.996275	36.135872	70	33.2147412
3	1447828040846	110.993734	36.132476	70	32.1032772
4	1447828040846	110.993316	36.12826	70	33.6084444
5	1447828040846	110.994807	36.124222	70	35.8896672
1	1447828041846	111.001146	36.13657	70	33.87555
2	1447828041846	110.996177	36.135846	70	33.3750456
3	1447828041846	110.9937	36.132393	70	34.723782
4	1447828041846	110.993316	36.128172	70	35.1212976
5	1447828041846	110.994838	36.124145	70	32.0569272
1	1447828042846	111.001049	36.136596	70	33.0046776
2	1447828042846	110.99608	36.135819	70	33.2984628
3	1447828042846	110.993668	36.132315	70	32.765922
4	1447828042846	110.993316	36.128083	70	35.3553516
5	1447828042846	110.994872	36.124064	70	34.3393308
1	1447828043846	111.000953	36.136622	70	32.6805012
2	1447828043846	110.995986	36.135794	70	31.8991644
3	1447828043846	110.993634	36.132232	70	35.16993
4	1447828043846	110.993316	36.128003	70	32.1646248
5	1447828043846	110.994904	36.123985	70	33.0436404
1	1447828044846	111.000849	36.13665	70	35.6637852
2	1447828044846	110.995894	36.135769	70	31.5064044
3	1447828044846	110.993602	36.132154	70	32.8498992
4	1447828044846	110.993316	36.127923	70	31.7167884
5	1447828044846	110.994939	36.123901	70	35.3997936
1	1447828045846	111.000755	36.136675	70	32.1755688
2	1447828045846	110.995797	36.135743	70	33.1081704
3	1447828045846	110.993571	36.132079	70	31.5726084
4	1447828045846	110.993323	36.127834	70	35.9152236
5	1447828045846	110.994971	36.123824	70	32.7099312
1	1447828046846	111.000661	36.136701	70	31.936374
2	1447828046846	110.995697	36.135716	70	34.2360576
3	1447828046846	110.993538	36.131999	70	33.4366776
4	1447828046846	110.993353	36.12776	70	31.4091216
5	1447828046846	110.995034	36.123772	70	32.178132
1	1447828047846	111.000568	36.136726	70	31.7452536
2	1447828047846	110.995594	36.135688	70	35.0452512
3	1447828047846	110.993506	36.131922	70	32.7481704
4	1447828047846	110.993388	36.127674	70	35.8555176
5	1447828047846	110.995126	36.123747	70	31.4049744
1	1447828048846	111.000465	36.136754	70	35.2684008
2	1447828048846	110.995501	36.135663	70	31.890294
3	1447828048846	110.993474	36.131843	70	32.8906548
4	1447828048846	110.99342	36.127598	70	32.1297732
5	1447828048846	110.995229	36.123719	70	35.2532916
1	1447828049846	111.000366	36.13678	70	33.6101976
2	1447828049846	110.995408	36.135638	70	31.8231216
3	1447828049846	110.993442	36.131765	70	32.962428
4	1447828049846	110.993453	36.127517	70	34.1367804
5	1447828049846	110.995334	36.123691	70	35.84808
1	1447828050846	111.000261	36.136809	70	35.89083
2	1447828050846	110.995312	36.135612	70	32.6481264
3	1447828050846	110.993407	36.131681	70	35.3789748
4	1447828050846	110.993487	36.127433	70	35.3917152
5	1447828050846	110.995429	36.123665	70	32.4662652
1	1447828051846	111.000169	36.136834	70	31.3568856
2	1447828051846	110.995215	36.135585	70	33.12144
3	1447828051846	110.993374	36.131601	70	33.7945896
4	1447828051846	110.993519	36.127356	70	32.5039104
5	1447828051846	110.995533	36.123637	70	35.4899628
1	1447828052846	111.000069	36.136861	70	34.2569556
2	1447828052846	110.995111	36.135557	70	35.3377764
3	1447828052846	110.99334	36.131518	70	34.8856668
4	1447828052846	110.993551	36.127278	70	32.67738
5	1447828052846	110.995631	36.12361	70	33.2899776
1	1447828053846	110.999963	36.136869	70	35.9424936
2	1447828053846	110.995017	36.135532	70	32.4063864
3	1447828053846	110.993316	36.131436	70	33.8930316
4	1447828053846	110.993583	36.1272	70	32.7058092
5	1447828053846	110.995731	36.123583	70	34.1142048
1	1447828054846	110.999866	36.136843	70	33.1695864
2	1447828054846	110.994963	36.135467	70	33.877638
3	1447828054846	110.993316	36.131349	70	34.970004
4	1447828054846	110.993618	36.127116	70	35.3300976
5	1447828054846	110.995832	36.123556	70	34.7370048
1	1447828055846	110.99977	36.136817	70	32.6170476
2	1447828055846	110.994932	36.135392	70	31.4910216
3	1447828055846	110.993316	36.13126	70	35.3114496
4	1447828055846	110.993649	36.127039	70	32.566842
5	1447828055846	110.995936	36.123528	70	35.5290264
1	1447828056846	110.999675	36.136791	70	32.729454
2	1447828056846	110.994901	36.135317	70	31.4032212
3	1447828056846	110.993316	36.131176	70	33.727248
4	1447828056846	110.993684	36.126956	70	35.00379
5	1447828056846	110.996039	36.1235	70	35.0082288
1	1447828057846	110.999576	36.136765	70	33.535026
2	1447828057846	110.994867	36.135234	70	35.1860184
3	1447828057846	110.993316	36.131094	70	32.487642
4	1447828057846	110.993718	36.126873	70	34.8914808
5	1447828057846	110.996137	36.123474	70	33.442002
1	1447828058846	110.999479	36.136738	70	33.3467208
2	1447828058846	110.994832	36.135149	70	35.628408
3	1447828058846	110.993316	36.131014	70	31.9771728
4	1447828058846	110.99375	36.126794	70	33.4166112
5	1447828058846	110.996233	36.123448	70	32.7841776
1	1447828059846	110.999381	36.136712	70	33.2888076
2	1447828059846	110.994799	36.135069	70	33.831486
3	1447828059846	110.993316	36.130926	70	35.1562104
4	1447828059846	110.993783	36.126713	70	34.0276644
5	1447828059846	110.996334	36.12342	70	34.4320668
1	1447828060846	110.999284	36.136686	70	33.0590772
2	1447828060846	110.994766	36.134987	70	34.5659004
3	1447828060846	110.993316	36.130845	70	32.5561104
4	1447828060846	110.993816	36.126634	70	33.3302004
5	1447828060846	110.996437	36.123392	70	35.3410668
1	1447828061846	110.999185	36.136659	70	34.1128008
2	1447828061846	110.994733	36.134907	70	33.6272724
3	1447828061846	110.993316	36.130765	70	31.7333844
4	1447828061846	110.993847	36.126558	70	31.6327428
5	1447828061846	110.996532	36.123367	70	32.5310292
1	1447828062846	110.999086	36.136632	70	33.7880664
2	1447828062846	110.994699	36.134825	70	34.2213768
3	1447828062846	110.993316	36.130681	70	33.7507488
4	1447828062846	110.993878	36.126482	70	32.2605288
5	1447828062846	110.996634	36.123339	70	34.5323052
1	1447828063846	110.998981	36.136604	70	35.7459552
2	1447828063846	110.994667	36.134746	70	33.3645516
3	1447828063846	110.993316	36.130602	70	31.4976924
4	1447828063846	110.993912	36.1264	70	34.3195596
5	1447828063846	110.996729	36.123313	70	32.4473508
1	1447828064846	110.998889	36.136579	70	31.3997652
2	1447828064846	110.994635	36.134669	70	32.5170648
3	1447828064846	110.993316	36.130512	70	35.8883208
4	1447828064846	110.993945	36.126319	70	34.2293292
5	1447828064846	110.996827	36.123287	70	33.543846
1	1447828065846	110.998795	36.136554	70	31.9434984
2	1447828065846	110.994601	36.134587	70	34.6333248
3	1447828065846	110.993316	36.130425	70	34.5962808
4	1447828065846	110.993978	36.126239	70	33.6175128
5	1447828065846	110.996922	36.123261	70	32.4106488
1	1447828066846	110.998701	36.136528	70	32.2753428
2	1447828066846	110.994567	36.134502	70	35.4641112
3	1447828066846	110.993316	36.130338	70	34.8524712
4	1447828066846	110.994011	36.126158	70	34.0364772
5	1447828066846	110.997023	36.123234	70	34.6983552
1	1447828067846	110.998608	36.136503	70	31.742046
2	1447828067846	110.994536	36.134427	70	31.5867672
3	1447828067846	110.993316	36.130256	70	32.7214116
4	1447828067846	110.994042	36.126083	70	31.6867104
5	1447828067846	110.997115	36.123209	70	31.3641972
1	1447828068846	110.998515	36.136478	70	31.7605608
2	1447828068846	110.994502	36.134346	70	34.424424
3	1447828068846	110.993316	36.130172	70	33.3809028
4	1447828068846	110.994073	36.126008	70	31.36824
5	1447828068846	110.99721	36.123183	70	32.2578072
1	1447828069846	110.998416	36.136451	70	33.6647808
2	1447828069846	110.994471	36.13427	70	31.9667292
3	1447828069846	110.993316	36.130083	70	35.8825284
4	1447828069846	110.994104	36.125933	70	31.5694512
5	1447828069846	110.997302	36.123158	70	31.4961624
1	1447828070846	110.998311	36.136423	70	35.9094312
2	1447828070846	110.994437	36.134187	70	34.9882416
3	1447828070846	110.993316	36.130003	70	31.5841356
4	1447828070846	110.994139	36.125849	70	35.6880744
5	1447828070846	110.997406	36.12313	70	35.395686
1	1447828071846	110.998213	36.136396	70	33.3308412
2	1447828071846	110.994405	36.134108	70	32.8695408
3	1447828071846	110.993316	36.129914	70	35.8865496
4	1447828071846	110.994173	36.125764	70	35.5333248
5	1447828071846	110.997506	36.123103	70	34.3413936
1	1447828072846	110.998112	36.136369	70	34.7394528
2	1447828072846	110.994374	36.134033	70	31.5639648
3	1447828072846	110.993316	36.129833	70	32.3194932
4	1447828072846	110.994207	36.125683	70	34.2573012
5	1447828072846	110.997606	36.123076	70	33.9761412
1	1447828073846	110.998009	36.136341	70	34.9988544
2	1447828073846	110.99434	36.133951	70	34.8612084
3	1447828073846	110.993316	36.129743	70	35.7413328
4	1447828073846	110.994238	36.125606	70	32.3024688
5	1447828073846	110.997702	36.12305	70	32.8063968
1	1447828074846	110.997912	36.136315	70	33.173712
2	1447828074846	110.994308	36.133872	70	32.952582
3	1447828074846	110.993316	36.129662	70	32.2113852
4	1447828074846	110.994269	36.12553	70	31.859514
5	1447828074846	110.997801	36.123024	70	33.77142
1	1447828075846	110.997811	36.136287	70	34.5419064
2	1447828075846	110.994277	36.133797	70	31.9089672
3	1447828075846	110.993316	36.129584	70	31.4185824
4	1447828075846	110.994301	36.125454	70	32.1284232
5	1447828075846	110.997901	36.122997	70	34.2355392
1	1447828076846	110.997716	36.136262	70	32.376906
2	1447828076846	110.994245	36.13372	70	32.1846588
3	1447828076846	110.993316	36.129495	70	35.35695
4	1447828076846	110.994335	36.125371	70	34.9807788
5	1447828076846	110.998001	36.12297	70	34.0780572
1	1447828077846	110.997619	36.136235	70	33.1852536
2	1447828077846	110.994211	36.133637	70	34.9731252
3	1447828077846	110.993316	36.129416	70	31.6632744
4	1447828077846	110.994367	36.125294	70	32.586678
5	1447828077846	110.998094	36.122944	70	31.8884292
1	1447828078846	110.997518	36.136208	70	34.2703368
2	1447828078846	110.994178	36.133557	70	33.5277
3	1447828078846	110.993316	36.129337	70	31.4219736
4	1447828078846	110.994399	36.125216	70	32.5977156
5	1447828078846	110.998197	36.122916	70	35.2278504
1	1447828079846	110.997418	36.136181	70	34.4482704
2	1447828079846	110.994144	36.133473	70	35.3818224
3	1447828079846	110.993316	36.129256	70	32.6226276
4	1447828079846	110.994432	36.125135	70	34.3023588
5	1447828079846	110.998293	36.12289	70	32.7743604
1	1447828080846	110.997323	36.136156	70	32.2266024
2	1447828080846	110.994112	36.133397	70	32.1299496
3	1447828080846	110.993316	36.129169	70	34.3889244
4	1447828080846	110.994467	36.12505	70	35.6565708
5	1447828080846	110.99839	36.122864	70	33.220746
1	1447828081846	110.99722	36.136128	70	35.247906
2	1447828081846	110.994079	36.133316	70	34.1299404
3	1447828081846	110.993316	36.129082	70	34.8158988
4	1447828081846	110.9945	36.12497	70	33.494094
5	1447828081846	110.998495	36.122836	70	35.6129064
1	1447828082846	110.997128	36.136103	70	31.3926552
2	1447828082846	110.994048	36.13324	70	31.9499316
3	1447828082846	110.993316	36.128998	70	33.4944072
4	1447828082846	110.994534	36.124885	70	35.8158636
5	1447828082846	110.998595	36.122809	70	34.0773804
1	1447828083846	110.997034	36.136077	70	32.04945
2	1447828083846	110.994015	36.133159	70	34.0841088
3	1447828083846	110.993316	36.128919	70	31.6226232
4	1447828083846	110.994569	36.1248	70	35.718732
5	1447828083846	110.998688	36.122784	70	31.9569012
1	1447828084846	110.996938	36.136051	70	32.7976164
2	1447828084846	110.993981	36.133078	70	34.0954416
3	1447828084846	110.993316	36.128838	70	32.3747208
4	1447828084846	110.994601	36.124724	70	31.9935348
5	1447828084846	110.998792	36.122756	70	35.3666844
1	1447828085846	110.996837	36.136024	70	34.3843956
2	1447828085846	110.993947	36.132994	70	35.1760068
3	1447828085846	110.993316	36.128755	70	33.0922584
4	1447828085846	110.994632	36.124648	70	32.2624296
5	1447828085846	110.998896	36.122727	70	35.6454972
1	1447828086846	110.996738	36.135997	70	33.7521564
2	1447828086846	110.993915	36.132917	70	32.5409616
3	1447828086846	110.993316	36.128666	70	35.6788044
4	1447828086846	110.994665	36.124569	70	33.2534232
5	1447828086846	110.998998	36.1227	70	34.8589512
1	1447828087846	110.996638	36.13597	70	34.3178892
2	1447828087846	110.993881	36.132833	70	35.4306852
3	1447828087846	110.993316	36.128582	70	33.6119148
4	1447828087846	110.994699	36.124486	70	34.9925472
5	1447828087846	110.999097	36.122673	70	33.9166008
1	1447828088846	110.996546	36.135945	70	31.4446248
2	1447828088846	110.993848	36.132753	70	33.6356928
3	1447828088846	110.993316	36.128498	70	33.419646
4	1447828088846	110.99473	36.124409	70	32.3159616
5	1447828088846	110.99919	36.122648	70	31.5612252
1	1447828089846	110.996444	36.135918	70	34.927038
2	1447828089846	110.993814	36.132672	70	34.1633412
3	1447828089846	110.993316	36.128414	70	33.3760356
4	1447828089846	110.994763	36.124329	70	33.5431044
5	1447828089846	110.999292	36.12262	70	34.769664
1	1447828090846	110.996348	36.135892	70	32.4730584
2	1447828090846	110.993781	36.132591	70	34.0367004
3	1447828090846	110.993316	36.12833	70	33.5966148
4	1447828090846	110.994796	36.124249	70	33.6837312
5	1447828090846	110.999388	36.122594	70	33.0327036
1	1447828091846	110.996245	36.135864	70	35.2611972
2	1447828091846	110.993748	36.132511	70	33.758442
3	1447828091846	110.993316	36.128249	70	32.3688456
4	1447828091846	110.994827	36.124174	70	31.3744716
5	1447828091846	110.999493	36.122566	70	35.7850836
1	1447828092846	110.996148	36.135838	70	33.0976656
2	1447828092846	110.993717	36.132434	70	32.0939352
3	1447828092846	110.993316	36.128161	70	35.1958932
4	1447828092846	110.994859	36.124096	70	33.1173072
5	1447828092846	110.999594	36.122539	70	34.3228356
1	1447828093846	110.996054	36.135812	70	32.1100164
2	1447828093846	110.993684	36.132353	70	34.181766
3	1447828093846	110.993316	36.128076	70	33.7922604
4	1447828093846	110.994892	36.124015	70	33.9012972
5	1447828093846	110.999698	36.122511	70	35.6086944
1	1447828094846	110.995957	36.135786	70	33.3327384
2	1447828094846	110.993649	36.132268	70	35.6894568
3	1447828094846	110.993316	36.127997	70	31.5958536
4	1447828094846	110.994923	36.123939	70	32.063544
5	1447828094846	110.999797	36.122484	70	33.7701204
1	1447828095846	110.995862	36.13576	70	32.3749404
2	1447828095846	110.993618	36.132193	70	31.6197072
3	1447828095846	110.993316	36.127913	70	33.534306
4	1447828095846	110.994956	36.123859	70	33.9058944
5	1447828095846	110.9999	36.122456	70	35.1503424
1	1447828096846	110.995757	36.135732	70	35.6336208
2	1447828096846	110.993585	36.132113	70	33.7793112
3	1447828096846	110.993322	36.127835	70	31.4725896
4	1447828096846	110.995	36.123781	70	35.200854
5	1447828096846	110.999994	36.12243	70	32.1577272
1	1447828097846	110.995657	36.135705	70	34.3554444
2	1447828097846	110.993552	36.132032	70	34.0867908
3	1447828097846	110.993355	36.127754	70	33.9852744
4	1447828097846	110.995102	36.123753	70	34.8800112
5	1447828097846	111.000099	36.122456	70	35.6822388
1	1447828098846	110.995554	36.135677	70	35.1942768
2	1447828098846	110.993517	36.131947	70	35.9555652
3	1447828098846	110.993386	36.127679	70	31.681152
4	1447828098846	110.995199	36.123727	70	33.1828452
5	1447828098846	111.000194	36.122481	70	32.3635608
1	1447828099846	110.995452	36.13565	70	34.7111964
2	1447828099846	110.993484	36.131869	70	32.869674
3	1447828099846	110.993419	36.127599	70	33.728562
4	1447828099846	110.9953	36.1237	70	34.3780884
5	1447828099846	111.000294	36.122508	70	34.0007976
1	1447828100846	110.995347	36.135621	70	35.7594156
2	1447828100846	110.99345	36.131784	70	35.4635316
3	1447828100846	110.993453	36.127517	70	34.691922
4	1447828100846	110.995402	36.123672	70	34.8515604
5	1447828100846	111.000386	36.122533	70	31.575708
1	1447828101846	110.995254	36.135596	70	31.8458664
2	1447828101846	110.993416	36.131701	70	35.1381816
3	1447828101846	110.993485	36.12744	70	32.2567308
4	1447828101846	110.995498	36.123646	70	32.9608332
5	1447828101846	111.00048	36.122559	70	32.1423912
1	1447828102846	110.99516	36.135571	70	31.9400424
2	1447828102846	110.993383	36.131621	70	33.5983788
3	1447828102846	110.993517	36.12736	70	33.5445624
4	1447828102846	110.995598	36.123619	70	34.1860104
5	1447828102846	111.000581	36.122586	70	34.3336536
1	1447828103846	110.995059	36.135543	70	34.5870216
2	1447828103846	110.993348	36.131536	70	35.7079536
3	1447828103846	110.993549	36.127284	70	32.1453324
4	1447828103846	110.995691	36.123594	70	31.666734
5	1447828103846	111.000684	36.122614	70	35.3339892
1	1447828104846	110.994977	36.135501	70	34.0013448
2	1447828104846	110.993316	36.131458	70	32.7146652
3	1447828104846	110.99358	36.127209	70	31.6883412
4	1447828104846	110.995786	36.123568	70	32.49855
5	1447828104846	111.000788	36.122642	70	35.5598352
1	1447828105846	110.994945	36.135424	70	32.2755444
2	1447828105846	110.993316	36.131372	70	34.5923316
3	1447828105846	110.993612	36.127129	70	33.5695212
4	1447828105846	110.995882	36.123542	70	32.7611628
5	1447828105846	111.000888	36.122669	70	33.9653268
1	1447828106846	110.994914	36.135348	70	32.3587548
2	1447828106846	110.993316	36.131289	70	33.1730964
3	1447828106846	110.993644	36.127052	70	32.2915536
4	1447828106846	110.995975	36.123517	70	31.8124944
5	1447828106846	111.000989	36.122696	70	34.6229064
1	1447828107846	110.994879	36.135264	70	35.2282356
2	1447828107846	110.993316	36.131205	70	33.2731296
3	1447828107846	110.993678	36.126969	70	35.1903276
4	1447828107846	110.99607	36.123492	70	32.3549784
5	1447828107846	111.001092	36.122724	70	35.1564084
1	1447828108846	110.994845	36.135179	70	35.7400764
2	1447828108846	110.993316	36.131118	70	34.6839444
3	1447828108846	110.993711	36.126888	70	33.8432688
4	1447828108846	110.996171	36.123464	70	34.3473444
5	1447828108846	111.001186	36.12275	70	32.1822324
1	1447828109846	110.994812	36.135099	70	33.5977164
2	1447828109846	110.993316	36.131037	70	32.5061928
3	1447828109846	110.993746	36.126804	70	35.5103496
4	1447828109846	110.996275	36.123436	70	35.6216796
5	1447828109846	111.001281	36.122775	70	32.4020916
1	1447828110846	110.994777	36.135014	70	35.9818488
2	1447828110846	110.993316	36.130949	70	35.1377064
3	1447828110846	110.993777	36.126729	70	31.499496
4	1447828110846	110.99637	36.123411	70	32.3331768
5	1447828110846	111.001376	36.122801	70	32.3614188
1	1447828111846	110.994744	36.134933	70	33.7992768
2	1447828111846	110.993316	36.130867	70	32.8100292
3	1447828111846	110.99381	36.126647	70	34.4634264
4	1447828111846	110.996469	36.123384	70	33.9232896
5	1447828111846	111.001481	36.122829	70	35.9739468
1	1447828112846	110.994711	36.134853	70	33.7511844
2	1447828112846	110.993316	36.130781	70	34.166412
3	1447828112846	110.993844	36.126567	70	33.8907672
4	1447828112846	110.996563	36.123358	70	31.9903128
5	1447828112846	111.001584	36.122857	70	35.2122732
1	1447828113846	110.994679	36.134777	70	32.108886
2	1447828113846	110.993316	36.130694	70	34.9240032
3	1447828113846	110.993875	36.126489	70	32.5054548
4	1447828113846	110.99666	36.123332	70	33.218118
5	1447828113846	111.001688	36.122885	70	35.388468
1	1447828114846	110.994647	36.134698	70	33.2082864
2	1447828114846	110.993316	36.130613	70	32.3568504
3	1447828114846	110.993906	36.126415	70	31.4508096
4	1447828114846	110.996764	36.123304	70	35.6112684
5	1447828114846	111.001789	36.122913	70	34.6009968
1	1447828115846	110.994614	36.134618	70	33.6062592
2	1447828115846	110.993316	36.13053	70	32.9803848
3	1447828115846	110.99394	36.126331	70	35.1473976
4	1447828115846	110.99687	36.123275	70	35.9585244
5	1447828115846	111.001893	36.122941	70	35.513352
1	1447828116846	110.994583	36.134543	70	31.7458836
2	1447828116846	110.993316	36.13044	70	35.9823708
3	1447828116846	110.993972	36.126255	70	31.967334
4	1447828116846	110.996965	36.123249	70	32.6855088
5	1447828116846	111.001992	36.122968	70	33.8355936
1	1447828117846	110.994551	36.134463	70	33.3931104
2	1447828117846	110.993316	36.130358	70	32.885892
3	1447828117846	110.994003	36.126178	70	32.3680932
4	1447828117846	110.997061	36.123224	70	32.6883744
5	1447828117846	111.00209	36.122994	70	33.2164368
1	1447828118846	110.994519	36.134386	70	32.740668
2	1447828118846	110.993316	36.130275	70	32.9433804
3	1447828118846	110.994038	36.126093	70	35.976114
4	1447828118846	110.997158	36.123197	70	33.0808788
5	1447828118846	111.002193	36.123022	70	35.0953452
1	1447828119846	110.994485	36.134305	70	34.0044192
2	1447828119846	110.993316	36.130192	70	33.0243948
3	1447828119846	110.994069	36.126017	70	32.0074668
4	1447828119846	110.997258	36.12317	70	34.0283844
5	1447828119846	111.002289	36.123048	70	32.8134996
1	1447828120846	110.994451	36.134221	70	35.148528
2	1447828120846	110.993316	36.130109	70	33.291792
3	1447828120846	110.994101	36.125939	70	32.5309068
4	1447828120846	110.997354	36.123144	70	32.999256
5	1447828120846	111.002388	36.123075	70	34.02774
1	1447828121846	110.994418	36.13414	70	34.0155324
2	1447828121846	110.993316	36.130024	70	34.0250904
3	1447828121846	110.994134	36.12586	70	33.2591004
4	1447828121846	110.997457	36.123117	70	35.0498268
5	1447828121846	111.002489	36.123102	70	34.5518172
1	1447828122846	110.994385	36.134059	70	34.1485632
2	1447828122846	110.993316	36.129937	70	34.6712148
3	1447828122846	110.994166	36.125782	70	33.1835904
4	1447828122846	110.997558	36.123089	70	34.637796
5	1447828122846	111.002582	36.123127	70	31.4424504
1	1447828123846	110.994349	36.133974	70	35.91747
2	1447828123846	110.993316	36.12985	70	34.7013684
3	1447828123846	110.994198	36.125705	70	32.2328844
4	1447828123846	110.997659	36.123062	70	34.2327456
5	1447828123846	111.002679	36.123153	70	33.3646236
1	1447828124846	110.994316	36.133893	70	33.9314436
2	1447828124846	110.993316	36.129769	70	32.5980396
3	1447828124846	110.994228	36.12563	70	31.5485568
4	1447828124846	110.997754	36.123036	70	32.6689128
5	1447828124846	111.002783	36.123181	70	35.394084
1	1447828125846	110.994281	36.133808	70	35.83017
2	1447828125846	110.993316	36.12969	70	31.432518
3	1447828125846	110.994263	36.125546	70	35.276184
4	1447828125846	110.997852	36.12301	70	33.3528768
5	1447828125846	111.002879	36.123208	70	32.9706324
1	1447828126846	110.994248	36.133727	70	34.2296568
2	1447828126846	110.993316	36.129608	70	32.4681948
3	1447828126846	110.994294	36.125471	70	31.71195
4	1447828126846	110.997953	36.122982	70	34.5103812
5	1447828126846	111.002984	36.123236	70	35.6987556
1	1447828127846	110.994215	36.133647	70	33.7170852
2	1447828127846	110.993316	36.129527	70	32.574456
3	1447828127846	110.994326	36.125392	70	33.2850276
4	1447828127846	110.99805	36.122956	70	33.1472772
5	1447828127846	111.003088	36.123264	70	35.3877948
1	1447828128846	110.994182	36.133566	70	34.0482708
2	1447828128846	110.993316	36.129446	70	32.230728
3	1447828128846	110.994359	36.125313	70	33.2648244
4	1447828128846	110.99815	36.122929	70	34.018524
5	1447828128846	111.003191	36.123292	70	35.4305916
1	1447828129846	110.99415	36.133488	70	32.7625668
2	1447828129846	110.993316	36.129361	70	34.129854
3	1447828129846	110.994391	36.125233	70	33.4903428
4	1447828129846	110.998245	36.122903	70	32.5368756
5	1447828129846	111.003288	36.123318	70	32.9287464
1	1447828130846	110.994119	36.133412	70	31.9076928
2	1447828130846	110.993316	36.129272	70	35.4381912
3	1447828130846	110.994424	36.125153	70	33.6692808
4	1447828130846	110.998345	36.122876	70	34.23168
5	1447828130846	111.003392	36.123346	70	35.4298572
1	1447828131846	110.994084	36.133328	70	35.4091752
2	1447828131846	110.993316	36.129182	70	35.7733908
3	1447828131846	110.994459	36.12507	70	35.0376192
4	1447828131846	110.998445	36.122849	70	34.2106632
5	1447828131846	111.003491	36.123373	70	33.9906456
1	1447828132846	110.994053	36.133254	70	31.4015688
2	1447828132846	110.993316	36.129096	70	34.3289016
3	1447828132846	110.994491	36.12499	70	33.5388924
4	1447828132846	110.998543	36.122823	70	33.3501804
5	1447828132846	111.003589	36.123399	70	33.3621252
1	1447828133846	110.99402	36.133173	70	33.9635016
2	1447828133846	110.993316	36.12901	70	34.6736412
3	1447828133846	110.994525	36.124909	70	34.055676
4	1447828133846	110.998644	36.122796	70	34.4149344
5	1447828133846	111.003683	36.123425	70	32.223024
1	1447828134846	110.993989	36.133097	70	31.8285072
2	1447828134846	110.993316	36.12893	70	31.7296548
3	1447828134846	110.994557	36.124831	70	32.9139252
4	1447828134846	110.998745	36.122768	70	34.6439124
5	1447828134846	111.003788	36.123453	70	35.751834
1	1447828135846	110.993954	36.133013	70	35.6579892
2	1447828135846	110.993316	36.128841	70	35.6153688
3	1447828135846	110.994592	36.124746	70	35.9579016
4	1447828135846	110.998837	36.122743	70	31.474494
5	1447828135846	111.00389	36.123481	70	34.950888
1	1447828136846	110.993921	36.132931	70	34.4991348
2	1447828136846	110.993316	36.128757	70	33.3585576
3	1447828136846	110.994626	36.124662	70	35.4458088
4	1447828136846	110.998932	36.122718	70	32.3007588
5	1447828136846	111.003994	36.123509	70	35.335476
1	1447828137846	110.99389	36.132855	70	31.6950264
2	1447828137846	110.993316	36.128672	70	34.1541036
3	1447828137846	110.994658	36.124584	70	32.6703024
4	1447828137846	110.999037	36.122689	70	35.9184312
5	1447828137846	111.004088	36.123534	70	32.0612148
1	1447828138846	110.993856	36.132774	70	34.2065484
2	1447828138846	110.993316	36.128592	70	31.7918088
3	1447828138846	110.994691	36.124504	70	33.4764468
4	1447828138846	110.999131	36.122664	70	31.9499784
5	1447828138846	111.004189	36.123562	70	34.6485204
1	1447828139846	110.993825	36.132697	70	32.234004
2	1447828139846	110.993316	36.128505	70	34.8807312
3	1447828139846	110.994725	36.12442	70	35.3223468
4	1447828139846	110.999225	36.122638	70	32.2562988
5	1447828139846	111.004289	36.123589	70	34.1035452
1	1447828140846	110.993791	36.132614	70	35.062056
2	1447828140846	110.993316	36.12842	70	33.8702652
3	1447828140846	110.994757	36.124344	70	32.0050872
4	1447828140846	110.999319	36.122613	70	32.0832828
5	1447828140846	111.004385	36.123615	70	32.7967128
1	1447828141846	110.993756	36.13253	70	35.3756664
2	1447828141846	110.993316	36.128337	70	33.0382728
3	1447828141846	110.994792	36.124259	70	35.9004456
4	1447828141846	110.999415	36.122587	70	32.5650024
5	1447828141846	111.004477	36.123639	70	31.411836
1	1447828142846	110.993723	36.13245	70	33.6202776
2	1447828142846	110.993316	36.128253	70	33.7215276
3	1447828142846	110.994825	36.124178	70	34.3028952
4	1447828142846	110.999512	36.122561	70	33.295122
5	1447828142846	111.00458	36.123667	70	35.1060696
1	1447828143846	110.993688	36.132365	70	35.7878448
2	1447828143846	110.993316	36.128168	70	33.776424
3	1447828143846	110.994857	36.124099	70	32.9673312
4	1447828143846	110.999612	36.122534	70	34.0148844
5	1447828143846	111.004674	36.123693	70	32.3394192
1	1447828144846	110.993657	36.13229	70	31.7782872
2	1447828144846	110.993316	36.128079	70	35.7130944
3	1447828144846	110.994892	36.124015	70	35.449236
4	1447828144846	110.999705	36.122509	70	31.85793
5	1447828144846	111.004779	36.123721	70	35.5896828
1	1447828145846	110.993625	36.132211	70	33.1863084
2	1447828145846	110.993316	36.127989	70	35.79291
3	1447828145846	110.994924	36.123937	70	32.8296744
4	1447828145846	110.999801	36.122483	70	32.7060684
5	1447828145846	111.004873	36.123746	70	32.0983272
1	1447828146846	110.99359	36.132125	70	35.9535348
2	1447828146846	110.993316	36.127906	70	33.2013816
3	1447828146846	110.994955	36.123862	70	31.6825524
4	1447828146846	110.999905	36.122455	70	35.505468
5	1447828146846	111.004978	36.123775	70	35.9211384
1	1447828147846	110.993558	36.132047	70	33.0959088
2	1447828147846	110.993326	36.127826	70	32.4764856
3	1447828147846	110.994997	36.123782	70	35.7455268
4	1447828147846	110.999998	36.12243	70	31.6142208
5	1447828147846	111.005034	36.123834	70	32.5222704
1	1447828148846	110.993523	36.131962	70	35.6161032
2	1447828148846	110.993358	36.127748	70	32.9552604
3	1447828148846	110.995089	36.123757	70	31.3896564
4	1447828148846	111.000101	36.122456	70	35.2018296
5	1447828148846	111.005065	36.123911	70	32.2782588
1	1447828149846	110.993489	36.13188	70	34.400934
2	1447828149846	110.993393	36.127663	70	35.457876
3	1447828149846	110.995192	36.123729	70	34.9769592
4	1447828149846	111.000201	36.122483	70	34.119576
5	1447828149846	111.005098	36.12399	70	33.4227708
1	1447828150846	110.993457	36.131802	70	32.848812
2	1447828150846	110.993427	36.12758	70	35.1707292
3	1447828150846	110.995295	36.123701	70	35.17857
4	1447828150846	111.000293	36.122508	70	31.4871012
5	1447828150846	111.005129	36.124067	70	32.476284
1	1447828151846	110.993424	36.13172	70	34.4543796
2	1447828151846	110.993461	36.127497	70	34.7026536
3	1447828151846	110.995394	36.123674	70	33.9570432
4	1447828151846	111.000386	36.122533	70	31.6668852
5	1447828151846	111.005161	36.124145	70	32.5371924
1	1447828152846	110.993391	36.131641	70	33.5489724
2	1447828152846	110.993495	36.127414	70	34.925814
3	1447828152846	110.995496	36.123647	70	34.8032304
4	1447828152846	111.000485	36.12256	70	33.7102596
5	1447828152846	111.005193	36.124222	70	32.4123192
1	1447828153846	110.993357	36.131558	70	35.005176
2	1447828153846	110.99353	36.127331	70	35.2652544
3	1447828153846	110.995595	36.12362	70	33.7379868
4	1447828153846	111.000586	36.122587	70	34.7103576
5	1447828153846	111.005227	36.124305	70	35.0801604
1	1447828154846	110.993324	36.131479	70	33.1500456
2	1447828154846	110.99356	36.127255	70	31.627908
3	1447828154846	110.99569	36.123594	70	32.362596
4	1447828154846	111.000679	36.122612	70	31.50243
5	1447828154846	111.005259	36.124384	70	33.233598
1	1447828155846	110.993316	36.131399	70	32.071572
2	1447828155846	110.993594	36.127174	70	34.2129204
3	1447828155846	110.995794	36.123566	70	35.512614
4	1447828155846	111.000776	36.122639	70	33.2009604
5	1447828155846	111.005292	36.124463	70	33.3868176
1	1447828156846	110.993316	36.131313	70	34.6047948
2	1447828156846	110.993628	36.12709	70	35.4444264
3	1447828156846	110.995896	36.123539	70	34.8472404
4	1447828156846	111.000877	36.122666	70	34.472232
5	1447828156846	111.005325	36.124543	70	33.766038
1	1447828157846	110.993316	36.131225	70	35.0420832
2	1447828157846	110.993659	36.127016	70	31.34304
3	1447828157846	110.995992	36.123513	70	32.7496752
4	1447828157846	111.000981	36.122694	70	35.7208632
5	1447828157846	111.005358	36.124624	70	33.7591656
1	1447828158846	110.993316	36.131139	70	34.5638808
2	1447828158846	110.993691	36.126938	70	32.7881664
3	1447828158846	110.996094	36.123485	70	34.8627096
4	1447828158846	111.001077	36.12272	70	32.797044
5	1447828158846	111.005389	36.124699	70	31.8622824
1	1447828159846	110.993316	36.131057	70	32.6913732
2	1447828159846	110.993723	36.126861	70	32.2693416
3	1447828159846	110.996199	36.123457	70	35.9862804
4	1447828159846	111.001174	36.122746	70	33.0152688
5	1447828159846	111.005422	36.124779	70	33.4164888
1	1447828160846	110.993316	36.130971	70	34.1362692
2	1447828160846	110.993755	36.126783	70	33.0005916
3	1447828160846	110.996297	36.12343	70	33.567138
4	1447828160846	111.001273	36.122773	70	33.6929112
5	1447828160846	111.005454	36.124857	70	32.8737096
1	1447828161846	110.993316	36.130882	70	35.5427424
2	1447828161846	110.993786	36.126707	70	31.979322
3	1447828161846	110.996393	36.123404	70	32.7979728
4	1447828161846	111.001366	36.122798	70	31.7212884
5	1447828161846	111.005486	36.124935	70	32.836608
1	1447828162846	110.993316	36.130794	70	35.0471448
2	1447828162846	110.993819	36.126627	70	33.608916
3	1447828162846	110.996487	36.123379	70	32.0172228
4	1447828162846	111.001461	36.122824	70	32.7008628
5	1447828162846	111.005518	36.125014	70	33.237126
1	1447828163846	110.993316	36.130711	70	33.28578
2	1447828163846	110.993851	36.126547	70	33.4282968
3	1447828163846	110.996588	36.123352	70	34.3347984
4	1447828163846	111.001557	36.12285	70	32.498514
5	1447828163846	111.005549	36.125089	70	31.7027484
1	1447828164846	110.993316	36.130621	70	35.9980596
2	1447828164846	110.993883	36.12647	70	32.672394
3	1447828164846	110.996692	36.123323	70	35.5170996
4	1447828164846	111.001649	36.122875	70	31.5527976
5	1447828164846	111.005581	36.125166	70	32.2285248
1	1447828165846	110.993316	36.130531	70	35.829036
2	1447828165846	110.993918	36.126384	70	35.8732908
3	1447828165846	110.996785	36.123298	70	31.88007
4	1447828165846	111.001748	36.122901	70	33.7423284
5	1447828165846	111.005613	36.125245	70	33.3359352
1	1447828166846	110.993316	36.130442	70	35.7317352
2	1447828166846	110.993952	36.126303	70	34.191252
3	1447828166846	110.996885	36.123271	70	34.2147636
4	1447828166846	111.001845	36.122928	70	33.1446564
5	1447828166846	111.005647	36.125326	70	34.0908156
1	1447828167846	110.993316	36.130361	70	32.0836284
2	1447828167846	110.993985	36.126223	70	33.671124
3	1447828167846	110.996978	36.123246	70	31.6176804
4	1447828167846	111.001942	36.122954	70	33.2316792
5	1447828167846	111.005677	36.125401	70	31.5310248
1	1447828168846	110.993316	36.130281	70	31.9718304
2	1447828168846	110.994019	36.126139	70	35.6415624
3	1447828168846	110.997075	36.12322	70	33.0106572
4	1447828168846	111.002042	36.122981	70	34.1951832
5	1447828168846	111.005711	36.125483	70	34.4717784
1	1447828169846	110.993316	36.130196	70	34.0696188
2	1447828169846	110.994052	36.126059	70	33.6520908
3	1447828169846	110.997176	36.123193	70	34.5390876
4	1447828169846	111.002137	36.123007	70	32.416668
5	1447828169846	111.005744	36.125562	70	33.5839932
1	1447828170846	110.993316	36.13011	70	34.2036612
2	1447828170846	110.994083	36.125983	70	31.944366
3	1447828170846	110.997267	36.123168	70	31.3210008
4	1447828170846	111.00223	36.123032	70	31.6834488
5	1447828170846	111.005774	36.125637	70	31.335336
1	1447828171846	110.993316	36.130029	70	32.281704
2	1447828171846	110.994115	36.125907	70	31.9769064
3	1447828171846	110.997372	36.123139	70	35.8531812
4	1447828171846	111.002324	36.123057	70	32.0234544
5	1447828171846	111.005808	36.125719	70	34.7546088
1	1447828172846	110.993316	36.129943	70	34.5626532
2	1447828172846	110.994147	36.125828	70	32.9420448
3	1447828172846	110.997469	36.123113	70	33.1210044
4	1447828172846	111.002427	36.123085	70	35.3889828
5	1447828172846	111.00584	36.125796	70	32.2036956
1	1447828173846	110.993316	36.129855	70	35.1402768
2	1447828173846	110.994179	36.125751	70	32.7774096
3	1447828173846	110.997562	36.123088	70	31.6831536
4	1447828173846	111.002531	36.123113	70	35.4706092
5	1447828173846	111.005871	36.125871	70	31.5079992
1	1447828174846	110.993316	36.129775	70	31.714398
2	1447828174846	110.994211	36.125673	70	32.4586152
3	1447828174846	110.997665	36.12306	70	35.011152
4	1447828174846	111.002636	36.123142	70	35.6032584
5	1447828174846	111.005903	36.12595	70	33.21675
1	1447828175846	110.993316	36.129697	70	31.4733888
2	1447828175846	110.994243	36.125594	70	33.5019564
3	1447828175846	110.997767	36.123033	70	34.8751044
4	1447828175846	111.00274	36.12317	70	35.517582
5	1447828175846	111.005938	36.126034	70	35.4388644
1	1447828176846	110.993316	36.129617	70	31.7940372
2	1447828176846	110.994275	36.125518	70	32.0698368
3	1447828176846	110.997869	36.123005	70	35.0145756
4	1447828176846	111.002838	36.123196	70	33.5408652
5	1447828176846	111.005969	36.126109	70	31.6645164
1	1447828177846	110.993316	36.129529	70	35.197596
2	1447828177846	110.994306	36.12544	70	32.6839716
3	1447828177846	110.997972	36.122977	70	34.8960816
4	1447828177846	111.002932	36.123222	70	32.117994
5	1447828177846	111.006001	36.126187	70	32.93217
1	1447828178846	110.993316	36.12944	70	35.4265452
2	1447828178846	110.994338	36.125364	70	32.086206
3	1447828178846	110.998076	36.122949	70	35.6417136
4	1447828178846	111.003033	36.123249	70	34.3900332
5	1447828178846	111.006032	36.126264	70	32.3651016
1	1447828179846	110.993316	36.129358	70	32.6523852
2	1447828179846	110.994369	36.125288	70	31.9495392
3	1447828179846	110.998179	36.122921	70	35.2296972
4	1447828179846	111.003138	36.123277	70	35.8883316
5	1447828179846	111.006063	36.12634	70	31.725288
1	1447828180846	110.993316	36.129274	70	33.773166
2	1447828180846	110.994403	36.125205	70	34.834608
3	1447828180846	110.998271	36.122896	70	31.534182
4	1447828180846	111.003234	36.123304	70	33.0666912
5	1447828180846	111.006094	36.126414	70	31.434012
1	1447828181846	110.993316	36.129195	70	31.5454068
2	1447828181846	110.994437	36.125122	70	34.775964
3	1447828181846	110.99837	36.12287	70	33.5988108
4	1447828181846	111.003334	36.12333	70	33.8611392
5	1447828181846	111.006127	36.126494	70	33.6232944
1	1447828182846	110.993316	36.12911	70	33.7256532
2	1447828182846	110.994471	36.12504	70	34.8779412
3	1447828182846	110.99847	36.122843	70	34.1500392
4	1447828182846	111.003434	36.123357	70	34.2287856
5	1447828182846	111.006159	36.126573	70	33.2612892
1	1447828183846	110.993316	36.129027	70	33.3094392
2	1447828183846	110.994506	36.124956	70	35.3107296
3	1447828183846	110.998563	36.122817	70	31.8987468
4	1447828183846	111.003532	36.123384	70	33.586542
5	1447828183846	111.006191	36.126651	70	32.6315628
1	1447828184846	110.993316	36.12894	70	34.6272804
2	1447828184846	110.994538	36.124877	70	33.193458
3	1447828184846	110.998666	36.12279	70	34.9483248
4	1447828184846	111.003636	36.123412	70	35.380134
5	1447828184846	111.006223	36.126729	70	32.9031504
1	1447828185846	110.993316	36.12886	70	31.943718
2	1447828185846	110.994572	36.124793	70	35.1200808
3	1447828185846	110.998766	36.122763	70	34.3317096
4	1447828185846	111.003731	36.123438	70	32.4739116
5	1447828185846	111.006255	36.126807	70	32.7840228
1	1447828186846	110.993316	36.12878	70	31.9677624
2	1447828186846	110.994605	36.124714	70	33.508656
3	1447828186846	110.998866	36.122736	70	33.9436872
4	1447828186846	111.003832	36.123465	70	34.6089204
5	1447828186846	111.006288	36.126886	70	33.4624356
1	1447828187846	110.993316	36.128698	70	32.8414572
2	1447828187846	110.994637	36.124637	70	32.434218
3	1447828187846	110.998968	36.122708	70	35.1269712
4	1447828187846	111.003925	36.12349	70	31.72743
5	1447828187846	111.006319	36.126962	70	31.9938012
1	1447828188846	110.993316	36.128613	70	33.8206644
2	1447828188846	110.994672	36.124551	70	35.9637516
3	1447828188846	110.999066	36.122681	70	33.5016612
4	1447828188846	111.004028	36.123518	70	35.2358352
5	1447828188846	111.006351	36.127039	70	32.259186
1	1447828189846	110.993316	36.128524	70	35.7484284
2	1447828189846	110.994703	36.124476	70	31.6299312
3	1447828189846	110.999161	36.122656	70	32.1911784
4	1447828189846	111.004128	36.123545	70	34.114014
5	1447828189846	111.006383	36.127118	70	33.1510824
1	1447828190846	110.993316	36.128443	70	32.173668
2	1447828190846	110.994736	36.124395	70	34.2987192
3	1447828190846	110.999255	36.12263	70	32.0381496
4	1447828190846	111.004228	36.123572	70	33.9460272
5	1447828190846	111.006417	36.127201	70	35.1594972
1	1447828191846	110.993316	36.128354	70	35.73369
2	1447828191846	110.99477	36.124312	70	34.9939764
3	1447828191846	110.999353	36.122604	70	33.7068252
4	1447828191846	111.004325	36.123598	70	33.246072
5	1447828191846	111.00645	36.12728	70	32.9486328
1	1447828192846	110.993316	36.128271	70	32.9302728
2	1447828192846	110.994805	36.124226	70	35.8213104
3	1447828192846	110.999455	36.122576	70	34.8723072
4	1447828192846	111.004425	36.123625	70	34.168284
5	1447828192846	111.006484	36.127363	70	35.13069
1	1447828193846	110.993316	36.128185	70	34.3034064
2	1447828193846	110.994838	36.124148	70	33.0915564
3	1447828193846	110.999551	36.12255	70	32.5013724
4	1447828193846	111.004526	36.123653	70	34.454034
5	1447828193846	111.006518	36.127446	70	34.8991704
1	1447828194846	110.993316	36.128096	70	35.6952024
2	1447828194846	110.99487	36.124068	70	33.6757716
3	1447828194846	110.99965	36.122524	70	33.9187428
4	1447828194846	111.004629	36.123681	70	35.201214
5	1447828194846	111.006551	36.127527	70	34.2814428
1	1447828195846	110.993316	36.128017	70	31.3536744
2	1447828195846	110.994905	36.123985	70	34.9832988
3	1447828195846	110.999744	36.122498	70	32.2378704
4	1447828195846	111.004724	36.123706	70	32.4838836
5	1447828195846	111.006585	36.127609	70	34.1646156
1	1447828196846	110.993316	36.127932	70	34.13763
2	1447828196846	110.99494	36.1239	70	35.848152
3	1447828196846	110.999841	36.122472	70	33.1549344
4	1447828196846	111.00482	36.123732	70	32.706126
5	1447828196846	111.006617	36.127688	70	33.4081296
2	1447828197846	110.994971	36.123823	70	32.384862
3	1447828197846	110.999939	36.122445	70	33.2009784
4	1447828197846	111.004923	36.12376	70	35.1361872
5	1447828197846	111.00665	36.127767	70	33.3934776
5	1447828198846	111.006681	36.127842	70	31.5316944
6	1447828198846	111.001944	36.129654	0	0.0
7	1447828198846	110.998055	36.129654	0	0.0
